199
0: []
----------------
199
0: []
178
1: [3]
177
1: [1]
----------------
199
0: []
178
1: [3]
161
2: [3, 3]
----------------
199
0: []
178
1: [3]
161
2: [3, 3]
148
3: [3, 3, 3]
----------------
199
0: []
178
1: [3]
161
2: [3, 3]
148
3: [3, 3, 3]
137
4: [3, 3, 3, 3]
136
4: [3, 3, 1, 1]
135
4: [2, 2, 0, 0]
----------------
199
0: []
178
1: [3]
161
2: [3, 3]
148
3: [3, 3, 3]
137
4: [3, 3, 3, 3]
127
5: [3, 3, 3, 3, 3]
125
5: [3, 3, 3, 1, 1]
123
5: [3, 3, 1, 1, 1]
122
5: [0, 0, 0, 3, 3]
----------------
199
0: []
178
1: [3]
161
2: [3, 3]
148
3: [3, 3, 3]
137
4: [3, 3, 3, 3]
127
5: [3, 3, 3, 3, 3]
121
6: [3, 3, 3, 3, 3, 3]
118
6: [3, 3, 3, 3, 3, 1]
114
6: [3, 3, 3, 3, 1, 1]
112
6: [3, 3, 3, 1, 1, 1]
110
6: [0, 0, 0, 3, 3, 3]
----------------
199
0: []
178
1: [3]
161
2: [3, 3]
148
3: [3, 3, 3]
137
4: [3, 3, 3, 3]
127
5: [3, 3, 3, 3, 3]
121
6: [3, 3, 3, 3, 3, 3]
115
7: [3, 3, 3, 3, 3, 3, 3]
112
7: [3, 3, 3, 3, 3, 3, 1]
104
7: [3, 3, 3, 3, 3, 1, 1]
101
7: [3, 3, 3, 3, 1, 1, 1]
100
7: [0, 0, 0, 3, 3, 3, 3]
----------------
199
0: []
178
1: [3]
161
2: [3, 3]
148
3: [3, 3, 3]
137
4: [3, 3, 3, 3]
127
5: [3, 3, 3, 3, 3]
121
6: [3, 3, 3, 3, 3, 3]
115
7: [3, 3, 3, 3, 3, 3, 3]
113
8: [3, 3, 3, 3, 3, 3, 3, 3]
107
8: [3, 3, 3, 3, 3, 3, 3, 1]
98
8: [3, 3, 3, 3, 3, 3, 1, 1]
91
8: [3, 3, 3, 3, 3, 1, 1, 1]
90
8: [0, 0, 0, 0, 3, 3, 3, 3]
----------------
199
0: []
178
1: [3]
161
2: [3, 3]
148
3: [3, 3, 3]
137
4: [3, 3, 3, 3]
127
5: [3, 3, 3, 3, 3]
121
6: [3, 3, 3, 3, 3, 3]
115
7: [3, 3, 3, 3, 3, 3, 3]
113
8: [3, 3, 3, 3, 3, 3, 3, 3]
111
9: [3, 3, 3, 3, 3, 3, 3, 3, 3]
105
9: [3, 3, 3, 3, 3, 3, 3, 3, 1]
104
9: [3, 3, 3, 3, 3, 3, 3, 1, 3]
94
9: [3, 3, 3, 3, 3, 3, 3, 1, 1]
93
9: [3, 3, 3, 3, 3, 3, 1, 1, 3]
85
9: [3, 3, 3, 3, 3, 3, 1, 1, 1]
83
9: [3, 3, 3, 3, 3, 1, 1, 1, 1]
82
9: [2, 2, 2, 2, 2, 0, 0, 0, 0]
81
9: [2, 0, 0, 0, 0, 2, 2, 2, 2]
----------------
199
0: []
178
1: [3]
161
2: [3, 3]
148
3: [3, 3, 3]
137
4: [3, 3, 3, 3]
127
5: [3, 3, 3, 3, 3]
121
6: [3, 3, 3, 3, 3, 3]
115
7: [3, 3, 3, 3, 3, 3, 3]
113
8: [3, 3, 3, 3, 3, 3, 3, 3]
111
9: [3, 3, 3, 3, 3, 3, 3, 3, 3]
109
10: [3, 3, 3, 3, 3, 3, 3, 3, 3, 3]
103
10: [3, 3, 3, 3, 3, 3, 3, 3, 3, 1]
102
10: [3, 3, 3, 3, 3, 3, 3, 3, 1, 3]
92
10: [3, 3, 3, 3, 3, 3, 3, 3, 1, 1]
91
10: [3, 3, 3, 3, 3, 3, 3, 1, 1, 3]
81
10: [3, 3, 3, 3, 3, 3, 3, 1, 1, 1]
80
10: [3, 3, 3, 3, 3, 3, 1, 1, 1, 3]
77
10: [3, 3, 3, 3, 3, 3, 1, 1, 1, 1]
76
10: [2, 2, 2, 2, 2, 1, 1, 1, 1, 1]
73
10: [2, 2, 2, 2, 2, 0, 0, 0, 0, 0]
----------------
199
0: []
178
1: [3]
161
2: [3, 3]
148
3: [3, 3, 3]
137
4: [3, 3, 3, 3]
127
5: [3, 3, 3, 3, 3]
121
6: [3, 3, 3, 3, 3, 3]
115
7: [3, 3, 3, 3, 3, 3, 3]
113
8: [3, 3, 3, 3, 3, 3, 3, 3]
111
9: [3, 3, 3, 3, 3, 3, 3, 3, 3]
109
10: [3, 3, 3, 3, 3, 3, 3, 3, 3, 3]
107
11: [3, 3, 3, 3, 3, 3, 3, 3, 3, 3, 3]
101
11: [3, 3, 3, 3, 3, 3, 3, 3, 3, 3, 1]
100
11: [3, 3, 3, 3, 3, 3, 3, 3, 3, 1, 3]
90
11: [3, 3, 3, 3, 3, 3, 3, 3, 3, 1, 1]
89
11: [3, 3, 3, 3, 3, 3, 3, 3, 1, 1, 3]
79
11: [3, 3, 3, 3, 3, 3, 3, 3, 1, 1, 1]
78
11: [3, 3, 3, 3, 3, 3, 3, 1, 1, 1, 3]
73
11: [3, 3, 3, 3, 3, 3, 3, 1, 1, 1, 1]
72
11: [3, 3, 3, 3, 3, 3, 1, 1, 1, 1, 3]
71
11: [3, 3, 3, 3, 3, 3, 1, 1, 1, 1, 1]
70
11: [3, 3, 3, 3, 3, 1, 1, 1, 1, 3, 3]
69
11: [2, 2, 2, 2, 2, 2, 0, 0, 0, 0, 0]
67
11: [2, 2, 2, 2, 2, 0, 0, 0, 0, 2, 2]
66
11: [2, 2, 2, 2, 2, 0, 0, 0, 0, 0, 0]
65
11: [2, 2, 0, 2, 2, 2, 0, 0, 0, 0, 0]
----------------
199
0: []
178
1: [3]
161
2: [3, 3]
148
3: [3, 3, 3]
137
4: [3, 3, 3, 3]
127
5: [3, 3, 3, 3, 3]
121
6: [3, 3, 3, 3, 3, 3]
115
7: [3, 3, 3, 3, 3, 3, 3]
113
8: [3, 3, 3, 3, 3, 3, 3, 3]
111
9: [3, 3, 3, 3, 3, 3, 3, 3, 3]
109
10: [3, 3, 3, 3, 3, 3, 3, 3, 3, 3]
107
11: [3, 3, 3, 3, 3, 3, 3, 3, 3, 3, 3]
105
12: [3, 3, 3, 3, 3, 3, 3, 3, 3, 3, 3, 3]
99
12: [3, 3, 3, 3, 3, 3, 3, 3, 3, 3, 3, 1]
98
12: [3, 3, 3, 3, 3, 3, 3, 3, 3, 3, 1, 3]
88
12: [3, 3, 3, 3, 3, 3, 3, 3, 3, 3, 1, 1]
87
12: [3, 3, 3, 3, 3, 3, 3, 3, 3, 1, 1, 3]
77
12: [3, 3, 3, 3, 3, 3, 3, 3, 3, 1, 1, 1]
76
12: [3, 3, 3, 3, 3, 3, 3, 3, 1, 1, 1, 3]
71
12: [3, 3, 3, 3, 3, 3, 3, 3, 1, 1, 1, 1]
70
12: [3, 3, 3, 3, 3, 3, 3, 1, 1, 1, 1, 3]
67
12: [3, 3, 3, 3, 3, 3, 3, 1, 1, 1, 1, 1]
66
12: [3, 3, 3, 3, 3, 3, 1, 1, 1, 1, 3, 1]
65
12: [3, 3, 3, 3, 3, 3, 0, 0, 0, 0, 0, 0]
64
12: [3, 3, 3, 3, 3, 1, 1, 1, 1, 3, 3, 1]
63
12: [3, 3, 1, 1, 1, 1, 1, 3, 3, 3, 3, 3]
62
12: [2, 2, 2, 2, 2, 2, 0, 0, 0, 0, 0, 0]
59
12: [2, 2, 2, 2, 2, 0, 0, 0, 0, 0, 2, 2]
----------------
199
0: []
178
1: [3]
161
2: [3, 3]
148
3: [3, 3, 3]
137
4: [3, 3, 3, 3]
127
5: [3, 3, 3, 3, 3]
121
6: [3, 3, 3, 3, 3, 3]
115
7: [3, 3, 3, 3, 3, 3, 3]
113
8: [3, 3, 3, 3, 3, 3, 3, 3]
111
9: [3, 3, 3, 3, 3, 3, 3, 3, 3]
109
10: [3, 3, 3, 3, 3, 3, 3, 3, 3, 3]
107
11: [3, 3, 3, 3, 3, 3, 3, 3, 3, 3, 3]
105
12: [3, 3, 3, 3, 3, 3, 3, 3, 3, 3, 3, 3]
103
13: [3, 3, 3, 3, 3, 3, 3, 3, 3, 3, 3, 3, 3]
97
13: [3, 3, 3, 3, 3, 3, 3, 3, 3, 3, 3, 3, 1]
96
13: [3, 3, 3, 3, 3, 3, 3, 3, 3, 3, 3, 1, 3]
86
13: [3, 3, 3, 3, 3, 3, 3, 3, 3, 3, 3, 1, 1]
85
13: [3, 3, 3, 3, 3, 3, 3, 3, 3, 3, 1, 1, 3]
75
13: [3, 3, 3, 3, 3, 3, 3, 3, 3, 3, 1, 1, 1]
74
13: [3, 3, 3, 3, 3, 3, 3, 3, 3, 1, 1, 1, 3]
69
13: [3, 3, 3, 3, 3, 3, 3, 3, 3, 1, 1, 1, 1]
68
13: [3, 3, 3, 3, 3, 3, 3, 3, 1, 1, 1, 1, 3]
65
13: [3, 3, 3, 3, 3, 3, 3, 3, 1, 1, 1, 1, 1]
64
13: [3, 3, 3, 3, 3, 3, 3, 1, 1, 1, 1, 3, 1]
62
13: [3, 3, 3, 3, 3, 3, 3, 1, 1, 1, 1, 1, 1]
61
13: [3, 3, 3, 3, 3, 3, 3, 0, 0, 0, 0, 0, 0]
60
13: [3, 3, 3, 3, 3, 3, 0, 0, 0, 0, 0, 0, 0]
59
13: [3, 3, 3, 3, 3, 1, 1, 1, 1, 1, 1, 3, 3]
58
13: [3, 3, 3, 3, 3, 0, 0, 0, 0, 0, 0, 3, 3]
57
13: [3, 3, 3, 3, 0, 0, 0, 0, 0, 0, 3, 3, 3]
56
13: [2, 2, 2, 2, 2, 2, 2, 0, 0, 0, 0, 0, 0]
54
13: [2, 2, 2, 2, 2, 0, 0, 2, 2, 0, 0, 0, 0]
53
13: [2, 2, 2, 2, 2, 0, 0, 0, 0, 0, 0, 2, 2]
52
13: [2, 2, 2, 2, 0, 2, 0, 0, 0, 0, 0, 2, 2]
----------------
199
0: []
178
1: [3]
161
2: [3, 3]
148
3: [3, 3, 3]
137
4: [3, 3, 3, 3]
127
5: [3, 3, 3, 3, 3]
121
6: [3, 3, 3, 3, 3, 3]
115
7: [3, 3, 3, 3, 3, 3, 3]
113
8: [3, 3, 3, 3, 3, 3, 3, 3]
111
9: [3, 3, 3, 3, 3, 3, 3, 3, 3]
109
10: [3, 3, 3, 3, 3, 3, 3, 3, 3, 3]
107
11: [3, 3, 3, 3, 3, 3, 3, 3, 3, 3, 3]
105
12: [3, 3, 3, 3, 3, 3, 3, 3, 3, 3, 3, 3]
103
13: [3, 3, 3, 3, 3, 3, 3, 3, 3, 3, 3, 3, 3]
101
14: [3, 3, 3, 3, 3, 3, 3, 3, 3, 3, 3, 3, 3, 3]
95
14: [3, 3, 3, 3, 3, 3, 3, 3, 3, 3, 3, 3, 3, 1]
94
14: [3, 3, 3, 3, 3, 3, 3, 3, 3, 3, 3, 3, 1, 3]
84
14: [3, 3, 3, 3, 3, 3, 3, 3, 3, 3, 3, 3, 1, 1]
83
14: [3, 3, 3, 3, 3, 3, 3, 3, 3, 3, 3, 1, 1, 3]
73
14: [3, 3, 3, 3, 3, 3, 3, 3, 3, 3, 3, 1, 1, 1]
72
14: [3, 3, 3, 3, 3, 3, 3, 3, 3, 3, 1, 1, 1, 3]
67
14: [3, 3, 3, 3, 3, 3, 3, 3, 3, 3, 1, 1, 1, 1]
66
14: [3, 3, 3, 3, 3, 3, 3, 3, 3, 1, 1, 1, 1, 3]
63
14: [3, 3, 3, 3, 3, 3, 3, 3, 3, 1, 1, 1, 1, 1]
62
14: [3, 3, 3, 3, 3, 3, 3, 3, 1, 1, 1, 1, 3, 1]
60
14: [3, 3, 3, 3, 3, 3, 3, 3, 1, 1, 1, 1, 1, 1]
59
14: [3, 3, 3, 3, 3, 3, 3, 1, 1, 1, 1, 1, 1, 3]
57
14: [3, 3, 3, 3, 3, 3, 3, 1, 1, 1, 1, 1, 1, 1]
56
14: [3, 3, 3, 3, 3, 3, 3, 0, 0, 0, 0, 0, 0, 0]
55
14: [3, 3, 3, 3, 3, 1, 1, 1, 1, 3, 3, 1, 1, 1]
54
14: [3, 3, 3, 3, 3, 1, 1, 1, 1, 1, 1, 1, 3, 3]
53
14: [3, 3, 3, 3, 3, 0, 0, 0, 0, 0, 0, 0, 3, 3]
52
14: [3, 3, 3, 3, 0, 0, 0, 0, 0, 0, 0, 3, 3, 3]
51
14: [2, 2, 2, 2, 2, 0, 2, 0, 0, 0, 0, 0, 2, 2]
50
14: [2, 2, 2, 2, 2, 0, 0, 0, 0, 0, 2, 2, 0, 0]
49
14: [2, 2, 2, 2, 0, 0, 2, 2, 2, 0, 0, 0, 0, 0]
----------------
199
0: []
178
1: [3]
161
2: [3, 3]
148
3: [3, 3, 3]
137
4: [3, 3, 3, 3]
127
5: [3, 3, 3, 3, 3]
121
6: [3, 3, 3, 3, 3, 3]
115
7: [3, 3, 3, 3, 3, 3, 3]
113
8: [3, 3, 3, 3, 3, 3, 3, 3]
111
9: [3, 3, 3, 3, 3, 3, 3, 3, 3]
109
10: [3, 3, 3, 3, 3, 3, 3, 3, 3, 3]
107
11: [3, 3, 3, 3, 3, 3, 3, 3, 3, 3, 3]
105
12: [3, 3, 3, 3, 3, 3, 3, 3, 3, 3, 3, 3]
103
13: [3, 3, 3, 3, 3, 3, 3, 3, 3, 3, 3, 3, 3]
101
14: [3, 3, 3, 3, 3, 3, 3, 3, 3, 3, 3, 3, 3, 3]
99
15: [3, 3, 3, 3, 3, 3, 3, 3, 3, 3, 3, 3, 3, 3, 3]
93
15: [3, 3, 3, 3, 3, 3, 3, 3, 3, 3, 3, 3, 3, 3, 1]
92
15: [3, 3, 3, 3, 3, 3, 3, 3, 3, 3, 3, 3, 3, 1, 3]
82
15: [3, 3, 3, 3, 3, 3, 3, 3, 3, 3, 3, 3, 3, 1, 1]
81
15: [3, 3, 3, 3, 3, 3, 3, 3, 3, 3, 3, 3, 1, 1, 3]
71
15: [3, 3, 3, 3, 3, 3, 3, 3, 3, 3, 3, 3, 1, 1, 1]
70
15: [3, 3, 3, 3, 3, 3, 3, 3, 3, 3, 3, 1, 1, 1, 3]
65
15: [3, 3, 3, 3, 3, 3, 3, 3, 3, 3, 3, 1, 1, 1, 1]
64
15: [3, 3, 3, 3, 3, 3, 3, 3, 3, 3, 1, 1, 1, 1, 3]
61
15: [3, 3, 3, 3, 3, 3, 3, 3, 3, 3, 1, 1, 1, 1, 1]
60
15: [3, 3, 3, 3, 3, 3, 3, 3, 3, 1, 1, 1, 1, 3, 1]
58
15: [3, 3, 3, 3, 3, 3, 3, 3, 3, 1, 1, 1, 1, 1, 1]
57
15: [3, 3, 3, 3, 3, 3, 3, 3, 1, 1, 1, 1, 1, 1, 3]
56
15: [3, 3, 3, 3, 3, 3, 3, 3, 1, 1, 1, 1, 1, 1, 1]
55
15: [3, 3, 3, 3, 3, 3, 3, 3, 0, 0, 0, 0, 0, 0, 0]
54
15: [3, 3, 3, 3, 3, 3, 3, 1, 1, 1, 1, 1, 1, 1, 3]
52
15: [3, 3, 3, 3, 3, 3, 3, 0, 0, 0, 0, 0, 0, 3, 3]
51
15: [3, 3, 3, 3, 3, 3, 0, 0, 0, 0, 0, 0, 0, 3, 3]
49
15: [3, 3, 3, 3, 3, 0, 0, 0, 0, 0, 0, 0, 3, 3, 3]
48
15: [3, 0, 2, 2, 0, 2, 2, 2, 0, 0, 0, 0, 0, 2, 2]
47
15: [3, 0, 0, 2, 2, 2, 2, 2, 0, 0, 0, 0, 0, 2, 2]
46
15: [2, 2, 2, 2, 0, 2, 0, 0, 0, 2, 2, 0, 0, 2, 2]
