28
0: []
----------------
28
0: []
20
1: [3]
----------------
28
0: []
20
1: [3]
14
2: [3, 3]
----------------
28
0: []
20
1: [3]
14
2: [3, 3]
12
3: [3, 3, 3]
----------------
28
0: []
20
1: [3]
14
2: [3, 3]
12
3: [3, 3, 3]
11
4: [3, 3, 3, 1]
10
4: [2, 0, 3, 3]
----------------
28
0: []
20
1: [3]
14
2: [3, 3]
12
3: [3, 3, 3]
11
5: [3, 3, 3, 2, 1]
11
4: [3, 3, 3, 1]
10
5: [3, 3, 3, 1, 3]
9
5: [3, 3, 3, 1, 1]
----------------
28
0: []
20
1: [3]
14
2: [3, 3]
12
3: [3, 3, 3]
11
6: [3, 3, 3, 2, 2, 1]
11
5: [3, 3, 3, 2, 1]
10
6: [3, 3, 3, 2, 1, 3]
10
5: [3, 3, 3, 1, 3]
9
6: [3, 3, 3, 1, 3, 1]
9
5: [3, 3, 3, 1, 1]
8
6: [3, 3, 3, 1, 1, 3]
----------------
28
0: []
20
1: [3]
14
2: [3, 3]
12
3: [3, 3, 3]
11
7: [3, 3, 3, 2, 2, 2, 1]
11
6: [3, 3, 3, 2, 2, 1]
10
7: [3, 3, 3, 2, 2, 1, 1]
10
6: [3, 3, 3, 2, 1, 3]
9
7: [3, 3, 3, 2, 1, 1, 3]
9
6: [3, 3, 3, 1, 3, 1]
8
7: [3, 3, 3, 1, 3, 1, 2]
8
6: [3, 3, 3, 1, 1, 3]
7
7: [3, 3, 3, 1, 1, 2, 1]
----------------
28
0: []
20
1: [3]
14
2: [3, 3]
12
3: [3, 3, 3]
11
8: [3, 3, 3, 2, 2, 3, 1, 3]
11
7: [3, 3, 3, 2, 2, 2, 1]
10
8: [3, 3, 3, 2, 2, 2, 1, 1]
10
7: [3, 3, 3, 2, 2, 1, 1]
9
8: [3, 3, 3, 2, 2, 1, 1, 1]
8
8: [3, 3, 3, 2, 1, 3, 1, 1]
7
8: [3, 3, 3, 1, 3, 3, 1, 1]
7
7: [3, 3, 3, 1, 1, 2, 1]
6
8: [3, 3, 1, 3, 3, 3, 1, 1]
----------------
28
0: []
20
1: [3]
14
2: [3, 3]
12
3: [3, 3, 3]
11
8: [3, 3, 3, 2, 2, 3, 1, 3]
10
9: [3, 3, 3, 2, 2, 3, 1, 3, 3]
10
8: [3, 3, 3, 2, 2, 2, 1, 1]
9
9: [3, 3, 3, 2, 2, 2, 1, 1, 1]
9
8: [3, 3, 3, 2, 2, 1, 1, 1]
8
9: [3, 3, 3, 2, 2, 1, 1, 1, 1]
8
8: [3, 3, 3, 2, 1, 3, 1, 1]
7
9: [3, 3, 3, 2, 1, 3, 1, 1, 3]
6
9: [3, 3, 3, 1, 3, 3, 3, 1, 1]
6
8: [3, 3, 1, 3, 3, 3, 1, 1]
5
9: [3, 3, 1, 3, 3, 3, 1, 1, 3]
----------------
28
0: []
20
1: [3]
14
2: [3, 3]
12
3: [3, 3, 3]
11
8: [3, 3, 3, 2, 2, 3, 1, 3]
10
9: [3, 3, 3, 2, 2, 3, 1, 3, 3]
9
10: [3, 3, 3, 2, 2, 3, 1, 3, 1, 2]
9
9: [3, 3, 3, 2, 2, 2, 1, 1, 1]
8
10: [3, 3, 3, 2, 2, 2, 1, 1, 1, 1]
8
9: [3, 3, 3, 2, 2, 1, 1, 1, 1]
7
10: [3, 3, 3, 2, 2, 0, 3, 3, 1, 1]
7
9: [3, 3, 3, 2, 1, 3, 1, 1, 3]
6
10: [3, 3, 3, 2, 1, 1, 0, 3, 1, 1]
6
9: [3, 3, 3, 1, 3, 3, 3, 1, 1]
5
10: [3, 3, 3, 1, 3, 3, 3, 1, 1, 3]
5
9: [3, 3, 1, 3, 3, 3, 1, 1, 3]
4
10: [3, 3, 1, 3, 3, 1, 3, 1, 3, 3]
----------------
28
0: []
20
1: [3]
14
2: [3, 3]
12
3: [3, 3, 3]
11
8: [3, 3, 3, 2, 2, 3, 1, 3]
10
9: [3, 3, 3, 2, 2, 3, 1, 3, 3]
9
11: [3, 3, 3, 2, 2, 3, 1, 3, 3, 2, 1]
8
11: [3, 3, 3, 2, 2, 3, 1, 3, 3, 1, 1]
7
11: [3, 3, 3, 2, 2, 3, 1, 3, 1, 1, 2]
7
10: [3, 3, 3, 2, 2, 0, 3, 3, 1, 1]
6
11: [3, 3, 3, 2, 2, 0, 3, 3, 1, 1, 1]
6
10: [3, 3, 3, 2, 1, 1, 0, 3, 1, 1]
5
11: [3, 3, 3, 2, 0, 3, 0, 0, 2, 2, 0]
5
10: [3, 3, 3, 1, 3, 3, 3, 1, 1, 3]
4
11: [3, 3, 3, 1, 3, 3, 1, 3, 1, 3, 3]
4
10: [3, 3, 1, 3, 3, 1, 3, 1, 3, 3]
3
11: [3, 3, 1, 3, 3, 1, 1, 3, 1, 3, 3]
----------------
28
0: []
20
1: [3]
14
2: [3, 3]
12
3: [3, 3, 3]
11
8: [3, 3, 3, 2, 2, 3, 1, 3]
10
9: [3, 3, 3, 2, 2, 3, 1, 3, 3]
9
12: [3, 3, 3, 2, 2, 3, 1, 3, 3, 2, 2, 1]
9
11: [3, 3, 3, 2, 2, 3, 1, 3, 3, 2, 1]
8
12: [3, 3, 3, 2, 2, 3, 1, 3, 3, 2, 1, 1]
8
11: [3, 3, 3, 2, 2, 3, 1, 3, 3, 1, 1]
7
12: [3, 3, 3, 2, 2, 3, 1, 3, 3, 1, 1, 3]
7
11: [3, 3, 3, 2, 2, 3, 1, 3, 1, 1, 2]
6
12: [3, 3, 3, 2, 2, 2, 0, 2, 2, 1, 1, 1]
6
11: [3, 3, 3, 2, 2, 0, 3, 3, 1, 1, 1]
5
12: [3, 3, 3, 2, 1, 3, 1, 1, 3, 1, 3, 3]
5
11: [3, 3, 3, 2, 0, 3, 0, 0, 2, 2, 0]
4
12: [3, 3, 3, 1, 3, 3, 3, 1, 3, 1, 3, 3]
4
11: [3, 3, 3, 1, 3, 3, 1, 3, 1, 3, 3]
3
12: [3, 3, 3, 1, 3, 3, 1, 1, 3, 1, 3, 3]
3
11: [3, 3, 1, 3, 3, 1, 1, 3, 1, 3, 3]
----------------
28
0: []
20
1: [3]
14
2: [3, 3]
12
3: [3, 3, 3]
11
8: [3, 3, 3, 2, 2, 3, 1, 3]
10
9: [3, 3, 3, 2, 2, 3, 1, 3, 3]
9
13: [3, 3, 3, 2, 2, 3, 1, 3, 3, 2, 2, 2, 1]
9
12: [3, 3, 3, 2, 2, 3, 1, 3, 3, 2, 2, 1]
8
13: [3, 3, 3, 2, 2, 3, 1, 3, 3, 2, 2, 1, 1]
8
12: [3, 3, 3, 2, 2, 3, 1, 3, 3, 2, 1, 1]
7
13: [3, 3, 3, 2, 2, 3, 1, 3, 3, 1, 3, 1, 2]
7
12: [3, 3, 3, 2, 2, 3, 1, 3, 3, 1, 1, 3]
6
13: [3, 3, 3, 2, 2, 3, 1, 3, 1, 1, 3, 3, 3]
6
12: [3, 3, 3, 2, 2, 2, 0, 2, 2, 1, 1, 1]
5
13: [3, 3, 3, 2, 2, 2, 0, 2, 2, 1, 1, 1, 1]
4
13: [3, 3, 3, 2, 1, 3, 1, 3, 3, 1, 3, 1, 2]
4
12: [3, 3, 3, 1, 3, 3, 3, 1, 3, 1, 3, 3]
3
13: [3, 3, 3, 1, 3, 3, 3, 1, 1, 3, 1, 3, 3]
3
12: [3, 3, 3, 1, 3, 3, 1, 1, 3, 1, 3, 3]
3
11: [3, 3, 1, 3, 3, 1, 1, 3, 1, 3, 3]
2
13: [3, 1, 1, 1, 3, 1, 3, 3, 1, 3, 3, 1, 3]
----------------
28
0: []
20
1: [3]
14
2: [3, 3]
12
3: [3, 3, 3]
11
8: [3, 3, 3, 2, 2, 3, 1, 3]
10
9: [3, 3, 3, 2, 2, 3, 1, 3, 3]
9
14: [3, 3, 3, 2, 2, 3, 1, 3, 3, 2, 2, 3, 1, 2]
9
13: [3, 3, 3, 2, 2, 3, 1, 3, 3, 2, 2, 2, 1]
8
14: [3, 3, 3, 2, 2, 3, 1, 3, 3, 2, 2, 2, 1, 1]
8
13: [3, 3, 3, 2, 2, 3, 1, 3, 3, 2, 2, 1, 1]
8
12: [3, 3, 3, 2, 2, 3, 1, 3, 3, 2, 1, 1]
7
14: [3, 3, 3, 2, 2, 3, 1, 3, 3, 2, 1, 1, 0, 3]
6
14: [3, 3, 3, 2, 2, 3, 1, 3, 3, 1, 3, 1, 3, 3]
6
13: [3, 3, 3, 2, 2, 3, 1, 3, 1, 1, 3, 3, 3]
5
14: [3, 3, 3, 2, 2, 3, 1, 2, 0, 0, 0, 0, 3, 3]
5
13: [3, 3, 3, 2, 2, 2, 0, 2, 2, 1, 1, 1, 1]
4
14: [3, 3, 3, 2, 2, 0, 2, 2, 2, 0, 2, 2, 0, 0]
3
14: [3, 3, 3, 2, 1, 3, 1, 3, 3, 1, 3, 1, 3, 3]
3
13: [3, 3, 3, 1, 3, 3, 3, 1, 1, 3, 1, 3, 3]
3
12: [3, 3, 3, 1, 3, 3, 1, 1, 3, 1, 3, 3]
3
11: [3, 3, 1, 3, 3, 1, 1, 3, 1, 3, 3]
2
14: [3, 3, 1, 3, 1, 1, 3, 1, 3, 3, 1, 3, 3, 3]
2
13: [3, 1, 1, 1, 3, 1, 3, 3, 1, 3, 3, 1, 3]
----------------
28
0: []
20
1: [3]
14
2: [3, 3]
12
3: [3, 3, 3]
11
8: [3, 3, 3, 2, 2, 3, 1, 3]
10
9: [3, 3, 3, 2, 2, 3, 1, 3, 3]
9
15: [3, 3, 3, 2, 2, 3, 1, 3, 3, 2, 2, 3, 1, 3, 3]
9
14: [3, 3, 3, 2, 2, 3, 1, 3, 3, 2, 2, 3, 1, 2]
8
15: [3, 3, 3, 2, 2, 3, 1, 3, 3, 2, 2, 3, 1, 2, 1]
8
14: [3, 3, 3, 2, 2, 3, 1, 3, 3, 2, 2, 2, 1, 1]
8
13: [3, 3, 3, 2, 2, 3, 1, 3, 3, 2, 2, 1, 1]
7
15: [3, 3, 3, 2, 2, 3, 1, 3, 3, 2, 2, 1, 1, 1, 1]
7
14: [3, 3, 3, 2, 2, 3, 1, 3, 3, 2, 1, 1, 0, 3]
6
15: [3, 3, 3, 2, 2, 3, 1, 3, 3, 2, 1, 0, 3, 1, 1]
6
14: [3, 3, 3, 2, 2, 3, 1, 3, 3, 1, 3, 1, 3, 3]
5
15: [3, 3, 3, 2, 2, 3, 1, 3, 3, 1, 1, 3, 1, 3, 3]
4
15: [3, 3, 3, 2, 2, 3, 1, 3, 1, 3, 3, 1, 3, 1, 2]
4
14: [3, 3, 3, 2, 2, 0, 2, 2, 2, 0, 2, 2, 0, 0]
3
15: [3, 3, 3, 2, 2, 0, 2, 2, 2, 0, 2, 2, 0, 0, 0]
3
14: [3, 3, 3, 2, 1, 3, 1, 3, 3, 1, 3, 1, 3, 3]
3
13: [3, 3, 3, 1, 3, 3, 3, 1, 1, 3, 1, 3, 3]
3
12: [3, 3, 3, 1, 3, 3, 1, 1, 3, 1, 3, 3]
2
15: [3, 3, 3, 1, 3, 1, 1, 3, 1, 3, 3, 1, 3, 3, 3]
2
14: [3, 3, 1, 3, 1, 1, 3, 1, 3, 3, 1, 3, 3, 3]
2
13: [3, 1, 1, 1, 3, 1, 3, 3, 1, 3, 3, 1, 3]
----------------
28
0: []
20
1: [3]
14
2: [3, 3]
12
3: [3, 3, 3]
11
8: [3, 3, 3, 2, 2, 3, 1, 3]
10
9: [3, 3, 3, 2, 2, 3, 1, 3, 3]
9
15: [3, 3, 3, 2, 2, 3, 1, 3, 3, 2, 2, 3, 1, 3, 3]
8
16: [3, 3, 3, 2, 2, 3, 1, 3, 3, 2, 2, 3, 1, 3, 1, 2]
8
15: [3, 3, 3, 2, 2, 3, 1, 3, 3, 2, 2, 3, 1, 2, 1]
8
14: [3, 3, 3, 2, 2, 3, 1, 3, 3, 2, 2, 2, 1, 1]
7
16: [3, 3, 3, 2, 2, 3, 1, 3, 3, 2, 2, 2, 1, 1, 1, 1]
7
15: [3, 3, 3, 2, 2, 3, 1, 3, 3, 2, 2, 1, 1, 1, 1]
6
16: [3, 3, 3, 2, 2, 3, 1, 3, 3, 2, 2, 1, 1, 0, 3, 3]
6
15: [3, 3, 3, 2, 2, 3, 1, 3, 3, 2, 1, 0, 3, 1, 1]
5
16: [3, 3, 3, 2, 2, 3, 1, 3, 3, 1, 3, 3, 3, 1, 3, 1]
4
16: [3, 3, 3, 2, 2, 3, 1, 3, 3, 1, 3, 3, 1, 3, 1, 2]
3
16: [3, 3, 3, 2, 2, 3, 1, 3, 1, 3, 3, 1, 3, 1, 3, 3]
3
15: [3, 3, 3, 2, 2, 0, 2, 2, 2, 0, 2, 2, 0, 0, 0]
3
14: [3, 3, 3, 2, 1, 3, 1, 3, 3, 1, 3, 1, 3, 3]
2
16: [3, 3, 3, 2, 1, 1, 1, 3, 1, 3, 3, 1, 3, 3, 1, 3]
2
15: [3, 3, 3, 1, 3, 1, 1, 3, 1, 3, 3, 1, 3, 3, 3]
2
14: [3, 3, 1, 3, 1, 1, 3, 1, 3, 3, 1, 3, 3, 3]
2
13: [3, 1, 1, 1, 3, 1, 3, 3, 1, 3, 3, 1, 3]
----------------
28
0: []
20
1: [3]
14
2: [3, 3]
12
3: [3, 3, 3]
11
8: [3, 3, 3, 2, 2, 3, 1, 3]
10
9: [3, 3, 3, 2, 2, 3, 1, 3, 3]
9
15: [3, 3, 3, 2, 2, 3, 1, 3, 3, 2, 2, 3, 1, 3, 3]
8
17: [3, 3, 3, 2, 2, 3, 1, 3, 3, 2, 2, 3, 1, 3, 3, 1, 3]
8
16: [3, 3, 3, 2, 2, 3, 1, 3, 3, 2, 2, 3, 1, 3, 1, 2]
7
17: [3, 3, 3, 2, 2, 3, 1, 3, 3, 2, 2, 3, 1, 3, 1, 1, 2]
7
16: [3, 3, 3, 2, 2, 3, 1, 3, 3, 2, 2, 2, 1, 1, 1, 1]
6
17: [3, 3, 3, 2, 2, 3, 1, 3, 3, 2, 2, 2, 1, 0, 2, 2, 1]
6
16: [3, 3, 3, 2, 2, 3, 1, 3, 3, 2, 2, 1, 1, 0, 3, 3]
5
17: [3, 3, 3, 2, 2, 3, 1, 3, 3, 2, 2, 0, 0, 0, 0, 3, 3]
5
16: [3, 3, 3, 2, 2, 3, 1, 3, 3, 1, 3, 3, 3, 1, 3, 1]
4
17: [3, 3, 3, 2, 2, 3, 1, 3, 3, 1, 3, 3, 3, 1, 3, 1, 2]
3
17: [3, 3, 3, 2, 2, 3, 1, 3, 3, 1, 3, 3, 1, 3, 1, 3, 3]
3
16: [3, 3, 3, 2, 2, 3, 1, 3, 1, 3, 3, 1, 3, 1, 3, 3]
2
17: [3, 3, 3, 2, 2, 2, 0, 2, 2, 2, 0, 2, 2, 1, 1, 1, 1]
2
16: [3, 3, 3, 2, 1, 1, 1, 3, 1, 3, 3, 1, 3, 3, 1, 3]
2
15: [3, 3, 3, 1, 3, 1, 1, 3, 1, 3, 3, 1, 3, 3, 3]
2
14: [3, 3, 1, 3, 1, 1, 3, 1, 3, 3, 1, 3, 3, 3]
2
13: [3, 1, 1, 1, 3, 1, 3, 3, 1, 3, 3, 1, 3]
----------------
28
0: []
20
1: [3]
14
2: [3, 3]
12
3: [3, 3, 3]
11
8: [3, 3, 3, 2, 2, 3, 1, 3]
10
9: [3, 3, 3, 2, 2, 3, 1, 3, 3]
9
15: [3, 3, 3, 2, 2, 3, 1, 3, 3, 2, 2, 3, 1, 3, 3]
8
17: [3, 3, 3, 2, 2, 3, 1, 3, 3, 2, 2, 3, 1, 3, 3, 1, 3]
7
18: [3, 3, 3, 2, 2, 3, 1, 3, 3, 2, 2, 3, 1, 3, 3, 1, 3, 1]
6
18: [3, 3, 3, 2, 2, 3, 1, 3, 3, 2, 2, 3, 1, 3, 1, 3, 1, 2]
6
17: [3, 3, 3, 2, 2, 3, 1, 3, 3, 2, 2, 2, 1, 0, 2, 2, 1]
5
18: [3, 3, 3, 2, 2, 3, 1, 3, 3, 2, 2, 2, 1, 0, 2, 2, 1, 1]
5
17: [3, 3, 3, 2, 2, 3, 1, 3, 3, 2, 2, 0, 0, 0, 0, 3, 3]
4
18: [3, 3, 3, 2, 2, 3, 1, 3, 3, 1, 3, 3, 3, 2, 0, 3, 1, 1]
3
18: [3, 3, 3, 2, 2, 3, 1, 3, 3, 1, 3, 3, 3, 1, 3, 1, 3, 3]
3
17: [3, 3, 3, 2, 2, 3, 1, 3, 3, 1, 3, 3, 1, 3, 1, 3, 3]
3
16: [3, 3, 3, 2, 2, 3, 1, 3, 1, 3, 3, 1, 3, 1, 3, 3]
2
18: [3, 3, 3, 2, 2, 3, 1, 1, 1, 3, 1, 3, 3, 1, 3, 3, 1, 3]
2
17: [3, 3, 3, 2, 2, 2, 0, 2, 2, 2, 0, 2, 2, 1, 1, 1, 1]
2
16: [3, 3, 3, 2, 1, 1, 1, 3, 1, 3, 3, 1, 3, 3, 1, 3]
2
15: [3, 3, 3, 1, 3, 1, 1, 3, 1, 3, 3, 1, 3, 3, 3]
2
14: [3, 3, 1, 3, 1, 1, 3, 1, 3, 3, 1, 3, 3, 3]
2
13: [3, 1, 1, 1, 3, 1, 3, 3, 1, 3, 3, 1, 3]
----------------
28
0: []
20
1: [3]
14
2: [3, 3]
12
3: [3, 3, 3]
11
8: [3, 3, 3, 2, 2, 3, 1, 3]
10
9: [3, 3, 3, 2, 2, 3, 1, 3, 3]
9
15: [3, 3, 3, 2, 2, 3, 1, 3, 3, 2, 2, 3, 1, 3, 3]
8
17: [3, 3, 3, 2, 2, 3, 1, 3, 3, 2, 2, 3, 1, 3, 3, 1, 3]
7
19: [3, 3, 3, 2, 2, 3, 1, 3, 3, 2, 2, 3, 1, 3, 3, 1, 3, 3, 3]
7
18: [3, 3, 3, 2, 2, 3, 1, 3, 3, 2, 2, 3, 1, 3, 3, 1, 3, 1]
6
19: [3, 3, 3, 2, 2, 3, 1, 3, 3, 2, 2, 3, 1, 3, 3, 1, 3, 1, 2]
6
18: [3, 3, 3, 2, 2, 3, 1, 3, 3, 2, 2, 3, 1, 3, 1, 3, 1, 2]
5
19: [3, 3, 3, 2, 2, 3, 1, 3, 3, 2, 2, 2, 1, 0, 3, 3, 2, 1, 1]
5
18: [3, 3, 3, 2, 2, 3, 1, 3, 3, 2, 2, 2, 1, 0, 2, 2, 1, 1]
4
19: [3, 3, 3, 2, 2, 3, 1, 3, 3, 2, 2, 2, 0, 2, 2, 1, 1, 1, 1]
4
18: [3, 3, 3, 2, 2, 3, 1, 3, 3, 1, 3, 3, 3, 2, 0, 3, 1, 1]
3
18: [3, 3, 3, 2, 2, 3, 1, 3, 3, 1, 3, 3, 3, 1, 3, 1, 3, 3]
3
17: [3, 3, 3, 2, 2, 3, 1, 3, 3, 1, 3, 3, 1, 3, 1, 3, 3]
3
16: [3, 3, 3, 2, 2, 3, 1, 3, 1, 3, 3, 1, 3, 1, 3, 3]
2
19: [3, 3, 3, 2, 2, 3, 1, 3, 1, 3, 1, 3, 1, 3, 3, 1, 3, 3, 3]
2
18: [3, 3, 3, 2, 2, 3, 1, 1, 1, 3, 1, 3, 3, 1, 3, 3, 1, 3]
2
17: [3, 3, 3, 2, 2, 2, 0, 2, 2, 2, 0, 2, 2, 1, 1, 1, 1]
2
16: [3, 3, 3, 2, 1, 1, 1, 3, 1, 3, 3, 1, 3, 3, 1, 3]
2
15: [3, 3, 3, 1, 3, 1, 1, 3, 1, 3, 3, 1, 3, 3, 3]
2
14: [3, 3, 1, 3, 1, 1, 3, 1, 3, 3, 1, 3, 3, 3]
2
13: [3, 1, 1, 1, 3, 1, 3, 3, 1, 3, 3, 1, 3]
----------------
28
0: []
20
1: [3]
14
2: [3, 3]
12
3: [3, 3, 3]
11
8: [3, 3, 3, 2, 2, 3, 1, 3]
10
9: [3, 3, 3, 2, 2, 3, 1, 3, 3]
9
15: [3, 3, 3, 2, 2, 3, 1, 3, 3, 2, 2, 3, 1, 3, 3]
8
17: [3, 3, 3, 2, 2, 3, 1, 3, 3, 2, 2, 3, 1, 3, 3, 1, 3]
7
19: [3, 3, 3, 2, 2, 3, 1, 3, 3, 2, 2, 3, 1, 3, 3, 1, 3, 3, 3]
6
20: [3, 3, 3, 2, 2, 3, 1, 3, 3, 2, 2, 3, 1, 3, 3, 1, 3, 3, 3, 1]
5
20: [3, 3, 3, 2, 2, 3, 1, 3, 3, 2, 2, 3, 1, 3, 3, 1, 3, 1, 3, 3]
5
19: [3, 3, 3, 2, 2, 3, 1, 3, 3, 2, 2, 2, 1, 0, 3, 3, 2, 1, 1]
5
18: [3, 3, 3, 2, 2, 3, 1, 3, 3, 2, 2, 2, 1, 0, 2, 2, 1, 1]
4
20: [3, 3, 3, 2, 2, 3, 1, 3, 3, 2, 2, 2, 1, 0, 2, 2, 1, 1, 1, 1]
4
19: [3, 3, 3, 2, 2, 3, 1, 3, 3, 2, 2, 2, 0, 2, 2, 1, 1, 1, 1]
3
20: [3, 3, 3, 2, 2, 3, 1, 3, 3, 2, 1, 3, 1, 3, 3, 1, 3, 3, 1, 3]
3
18: [3, 3, 3, 2, 2, 3, 1, 3, 3, 1, 3, 3, 3, 1, 3, 1, 3, 3]
3
17: [3, 3, 3, 2, 2, 3, 1, 3, 3, 1, 3, 3, 1, 3, 1, 3, 3]
2
20: [3, 3, 3, 2, 2, 3, 1, 3, 3, 1, 3, 1, 3, 1, 3, 3, 1, 3, 3, 3]
2
19: [3, 3, 3, 2, 2, 3, 1, 3, 1, 3, 1, 3, 1, 3, 3, 1, 3, 3, 3]
2
18: [3, 3, 3, 2, 2, 3, 1, 1, 1, 3, 1, 3, 3, 1, 3, 3, 1, 3]
2
17: [3, 3, 3, 2, 2, 2, 0, 2, 2, 2, 0, 2, 2, 1, 1, 1, 1]
2
16: [3, 3, 3, 2, 1, 1, 1, 3, 1, 3, 3, 1, 3, 3, 1, 3]
2
15: [3, 3, 3, 1, 3, 1, 1, 3, 1, 3, 3, 1, 3, 3, 3]
2
14: [3, 3, 1, 3, 1, 1, 3, 1, 3, 3, 1, 3, 3, 3]
2
13: [3, 1, 1, 1, 3, 1, 3, 3, 1, 3, 3, 1, 3]
----------------
28
0: []
20
1: [3]
14
2: [3, 3]
12
3: [3, 3, 3]
11
8: [3, 3, 3, 2, 2, 3, 1, 3]
10
9: [3, 3, 3, 2, 2, 3, 1, 3, 3]
9
15: [3, 3, 3, 2, 2, 3, 1, 3, 3, 2, 2, 3, 1, 3, 3]
8
17: [3, 3, 3, 2, 2, 3, 1, 3, 3, 2, 2, 3, 1, 3, 3, 1, 3]
7
19: [3, 3, 3, 2, 2, 3, 1, 3, 3, 2, 2, 3, 1, 3, 3, 1, 3, 3, 3]
6
20: [3, 3, 3, 2, 2, 3, 1, 3, 3, 2, 2, 3, 1, 3, 3, 1, 3, 3, 3, 1]
5
21: [3, 3, 3, 2, 2, 3, 1, 3, 3, 2, 2, 3, 1, 3, 3, 1, 3, 3, 3, 1, 3]
5
20: [3, 3, 3, 2, 2, 3, 1, 3, 3, 2, 2, 3, 1, 3, 3, 1, 3, 1, 3, 3]
4
21: [3, 3, 3, 2, 2, 3, 1, 3, 3, 2, 2, 3, 1, 3, 1, 3, 3, 3, 1, 3, 1]
4
20: [3, 3, 3, 2, 2, 3, 1, 3, 3, 2, 2, 2, 1, 0, 2, 2, 1, 1, 1, 1]
4
19: [3, 3, 3, 2, 2, 3, 1, 3, 3, 2, 2, 2, 0, 2, 2, 1, 1, 1, 1]
3
21: [3, 3, 3, 2, 2, 3, 1, 3, 3, 2, 2, 2, 0, 2, 2, 0, 2, 1, 1, 1, 1]
3
20: [3, 3, 3, 2, 2, 3, 1, 3, 3, 2, 1, 3, 1, 3, 3, 1, 3, 3, 1, 3]
2
21: [3, 3, 3, 2, 2, 3, 1, 3, 3, 2, 1, 1, 3, 1, 3, 3, 1, 3, 3, 1, 3]
2
20: [3, 3, 3, 2, 2, 3, 1, 3, 3, 1, 3, 1, 3, 1, 3, 3, 1, 3, 3, 3]
2
19: [3, 3, 3, 2, 2, 3, 1, 3, 1, 3, 1, 3, 1, 3, 3, 1, 3, 3, 3]
2
18: [3, 3, 3, 2, 2, 3, 1, 1, 1, 3, 1, 3, 3, 1, 3, 3, 1, 3]
2
17: [3, 3, 3, 2, 2, 2, 0, 2, 2, 2, 0, 2, 2, 1, 1, 1, 1]
2
16: [3, 3, 3, 2, 1, 1, 1, 3, 1, 3, 3, 1, 3, 3, 1, 3]
2
15: [3, 3, 3, 1, 3, 1, 1, 3, 1, 3, 3, 1, 3, 3, 3]
1
21: [3, 3, 1, 3, 3, 1, 1, 2, 2, 2, 0, 2, 2, 2, 0, 2, 2, 1, 1, 1, 1]
